https://github.com/crankyoldgit/IRremoteESP8266/issues/579


Protocol  : COOLIX
Code      : 0xB23F10 (24 Bits)
Mesg Desc.: Power: On, Mode: 0 (Cool), Fan: 1 (Max), Temp: 18C, Zone Follow: Off, Sensor Temp: Off
uint16_t rawData[199] = {4366, 4394,  496, 1704,  472, 592,  532, 1674,  472, 1702,  472, 592,  530, 560,  530, 1672,  472, 594,  556, 532,  530, 1672,  472, 592,  530, 560,  532, 1670,  474, 1702,  472, 592,  530, 1678,  498, 564,  530, 562,  528, 1674,  472, 1702,  472, 1700,  474, 1700,  474, 1704,  472, 1708,  496, 1674,  472, 1702,  472, 592,  532, 558,  502, 590,  530, 562,  530, 560,  498, 596,  524, 564,  498, 590,  500, 594,  496, 1704,  474, 592,  498, 592,  530, 562,  500, 562,  556, 1674,  474, 1702,  472, 1700,  476, 590,  500, 1706,  474, 1702,  472, 1704,  472, 1704,  498, 5254,  4368, 4396,  496, 1704,  472, 594,  498, 1704,  474, 1702,  472, 596,  494, 596,  494, 1702,  472, 596,  522, 566,  498, 1702,  474, 620,  472, 594,  496, 1702,  474, 1702,  474, 620,  472, 1708,  498, 590,  474, 618,  474, 1700,  476, 1700,  474, 1700,  476, 1700,  476, 1700,  474, 1704,  500, 1674,  472, 1702,  474, 618,  474, 618,  472, 618,  474, 618,  474, 616,  472, 622,  498, 590,  474, 618,  474, 620,  470, 1682,  498, 618,  474, 618,  472, 620,  470, 620,  500, 1648,  498, 1678,  496, 1676,  498, 618,  472, 1680,  498, 1682,  494, 1678,  498, 1682,  496};  // COOLIX B23F10

uint64_t data = 0xB23F10;

Protocol  : COOLIX
Code      : 0xB27BE0 (24 Bits)
Mesg Desc.: Power: Off
uint16_t rawData[199] = {4340, 4436,  498, 1702,  474, 590,  556, 1650,  474, 1702,  474, 590,  530, 560,  554, 1646,  474, 596,  556, 532,  552, 1648,  472, 594,  540, 550,  554, 1646,  472, 1702,  478, 584,  532, 1674,  500, 564,  554, 1650,  472, 1704,  472, 1700,  474, 1700,  472, 592,  500, 1704,  472, 1704,  500, 1674,  472, 592,  496, 594,  498, 592,  498, 592,  498, 1700,  474, 594,  498, 594,  524, 1672,  476, 1700,  474, 1702,  472, 596,  494, 594,  496, 596,  494, 596,  494, 602,  516, 566,  498, 618,  472, 618,  474, 1698,  474, 1700,  474, 1700,  472, 1700,  474, 1702,  498, 5256,  4366, 4392,  496, 1700,  476, 616,  472, 1686,  492, 1680,  494, 618,  472, 618,  472, 1680,  494, 620,  496, 592,  472, 1676,  498, 618,  472, 618,  472, 1680,  496, 1676,  498, 618,  472, 1682,  524, 590,  474, 1682,  496, 1678,  498, 1674,  498, 1676,  500, 616,  472, 1680,  496, 1680,  522, 1650,  496, 618,  472, 596,  494, 596,  496, 596,  496, 1676,  496, 596,  496, 598,  520, 1650,  500, 1674,  498, 1676,  498, 594,  496, 592,  496, 594,  498, 594,  494, 596,  522, 566,  496, 596,  496, 596,  494, 1676,  496, 1678,  494, 1680,  494, 1700,  476, 1702,  474};  // COOLIX B27BE0

BYzlfW+h_/S\,nr|6A2G}<B`4y%"ff9|970bvV47|.1&%,Gwqn
